0 1
0.6216104
1 4
0.6538232
0.5380365
0.6310344
0.6155217
2 12
0.5973364
0.5258146
0.5983344
0.5488719
0.6404886
0.50632536
0.5126692
0.58653295
0.5642546
0.59218204
0.51614493
0.628105
TP: 40 TN: 1003 FP: 9 FN: 6
S: 40 6
T: 8 315
N: 1 688
MCC numerator:		40066
MCC denominator:	47974.7582797454
MCC: 0.8351475116637654

0 0
1 5
0.5537391
0.57508415
0.6130459
0.71690786
0.6489913
2 8
0.62138736
0.5078559
0.5587505
0.5214141
0.695111
0.574488
0.54737073
0.58048314
TP: 40 TN: 997 FP: 15 FN: 6
S: 40 6
T: 9 314
N: 6 683
MCC numerator:		39790
MCC denominator:	50675.843160227734
MCC: 0.7851867382687903

0 1
0.50675637
1 4
0.5586366
0.695461
0.629936
0.68774796
2 9
0.6480621
0.7047533
0.50812566
0.53960043
0.62037146
0.5556831
0.5921171
0.5871636
0.54476583
TP: 40 TN: 994 FP: 18 FN: 6
S: 40 6
T: 11 312
N: 7 682
MCC numerator:		39652
MCC denominator:	51961.678186910016
MCC: 0.7631008347607406

0 3
0.53946996
0.7175674
0.6555678
1 8
0.57307976
0.50436246
0.56949615
0.6455409
0.56912297
0.68282646
0.57579446
0.5795139
2 9
0.657905
0.71953243
0.67233145
0.6506606
0.681293
0.5688909
0.6077825
0.5271458
0.7016969
TP: 38 TN: 1000 FP: 12 FN: 8
S: 38 8
T: 7 316
N: 5 684
MCC numerator:		37904
MCC denominator:	48437.80341840452
MCC: 0.7825292916895139

0 2
0.6643953
0.71112746
1 6
0.5301107
0.61559117
0.5700581
0.619212
0.6552043
0.6972013
2 5
0.58515733
0.5422722
0.5639669
0.5567511
0.6180072
TP: 37 TN: 1003 FP: 9 FN: 9
S: 37 9
T: 6 317
N: 3 686
MCC numerator:		37030
MCC denominator:	46552.0
MCC: 0.7954545454545454

0 1
0.59460324
1 6
0.63007975
0.6036835
0.58585995
0.69122654
0.5575756
0.6519377
2 7
0.5412106
0.53225875
0.5264282
0.6092985
0.7022291
0.67289627
0.5517608
TP: 40 TN: 1005 FP: 7 FN: 6
S: 40 6
T: 6 317
N: 1 688
MCC numerator:		40158
MCC denominator:	47032.02508929421
MCC: 0.8538437357046968

0 1
0.6527711
1 8
0.7099348
0.650048
0.713017
0.580681
0.5337591
0.640607
0.53586483
0.55565643
2 7
0.5667684
0.5464803
0.68981975
0.65178144
0.6785029
0.51872075
0.54402864
TP: 40 TN: 1000 FP: 12 FN: 6
S: 40 6
T: 8 315
N: 4 685
MCC numerator:		39928
MCC denominator:	49348.031612213264
MCC: 0.8091102865816865

0 3
0.69915164
0.6916891
0.513149
1 6
0.6508223
0.63899773
0.54721135
0.5782821
0.5038113
0.5807837
2 6
0.5326148
0.5046498
0.6237838
0.5993848
0.56195277
0.5021823
TP: 37 TN: 1007 FP: 5 FN: 9
S: 37 9
T: 3 320
N: 2 687
MCC numerator:		37214
MCC denominator:	44569.79856360134
MCC: 0.8349600222423134

0 1
0.5384991
1 6
0.7111416
0.53377765
0.58878475
0.53809714
0.6413531
0.6096917
2 5
0.5104455
0.6452531
0.66720444
0.51835227
0.6143108
TP: 38 TN: 1004 FP: 8 FN: 8
S: 38 8
T: 5 318
N: 3 686
MCC numerator:		38088
MCC denominator:	46552.0
MCC: 0.8181818181818182

0 2
0.53251773
0.5333391
1 5
0.6226679
0.53734076
0.604771
0.6326711
0.54343027
2 7
0.71226895
0.5331742
0.5599293
0.68544585
0.6232074
0.53321815
0.5884744
TP: 39 TN: 1005 FP: 7 FN: 7
S: 39 7
T: 6 317
N: 1 688
MCC numerator:		39146
MCC denominator:	46552.0
MCC: 0.8409090909090909

0 1
0.6262623
1 10
0.6513652
0.6194451
0.6343179
0.6918607
0.5239367
0.51835835
0.68877786
0.6898037
0.65940315
0.5211846
2 6
0.53463316
0.5910209
0.5894207
0.68425655
0.541969
0.5471089
TP: 41 TN: 999 FP: 13 FN: 5
S: 41 5
T: 10 313
N: 3 686
MCC numerator:		40894
MCC denominator:	50238.06556785402
MCC: 0.8140042722139955

0 2
0.632892
0.716656
1 4
0.6519778
0.58454186
0.6950062
0.5112664
2 8
0.6707035
0.5905759
0.69082856
0.6057813
0.66689533
0.58748025
0.5380896
0.51686245
TP: 38 TN: 998 FP: 14 FN: 8
S: 38 8
T: 9 314
N: 5 684
MCC numerator:		37812
MCC denominator:	49348.031612213264
MCC: 0.7662311700116893

0 0
1 6
0.7142948
0.56125444
0.6817589
0.5589598
0.68347645
0.53696626
2 4
0.5186188
0.6638346
0.5844896
0.6495758
TP: 40 TN: 1004 FP: 8 FN: 6
S: 40 6
T: 6 317
N: 2 687
MCC numerator:		40112
MCC denominator:	47506.22022430326
MCC: 0.8443525881581183

0 1
0.6968909
1 6
0.5975685
0.5274121
0.63106585
0.51018775
0.696446
0.6798781
2 5
0.53097695
0.6792598
0.6998262
0.7103052
0.5162824
TP: 39 TN: 1003 FP: 9 FN: 7
S: 39 7
T: 6 317
N: 3 686
MCC numerator:		39054
MCC denominator:	47506.22022430326
MCC: 0.8220818203511955

0 0
1 8
0.6615356
0.57728124
0.5634983
0.55254084
0.6937365
0.5063613
0.7165616
0.71243
2 5
0.68413055
0.5863812
0.51167035
0.5349969
0.51880723
TP: 40 TN: 1006 FP: 6 FN: 6
S: 40 6
T: 3 320
N: 3 686
MCC numerator:		40204
MCC denominator:	46552.0
MCC: 0.8636363636363636

0 0
1 4
0.6702071
0.5125153
0.7039992
0.6888686
2 7
0.65469056
0.50282305
0.6767248
0.59621125
0.6111436
0.665326
0.5831573
TP: 40 TN: 1003 FP: 9 FN: 6
S: 40 6
T: 7 316
N: 2 687
MCC numerator:		40066
MCC denominator:	47974.7582797454
MCC: 0.8351475116637654

0 2
0.7016195
0.5045209
1 9
0.566297
0.52008456
0.6853857
0.67087984
0.68269646
0.6704381
0.5698345
0.64011836
0.6054439
2 5
0.6095264
0.52336055
0.6155527
0.53896886
0.6966185
TP: 40 TN: 1002 FP: 10 FN: 6
S: 40 6
T: 6 317
N: 4 685
MCC numerator:		40020
MCC denominator:	48437.80341840452
MCC: 0.8262141793323751

0 2
0.6437434
0.6802208
1 11
0.62190807
0.6104666
0.5284577
0.5228419
0.63580996
0.52504855
0.6198748
0.500325
0.68984944
0.5090126
0.6991785
2 4
0.56110805
0.5398827
0.5247853
0.51366776
TP: 38 TN: 1007 FP: 5 FN: 8
S: 38 8
T: 3 320
N: 2 687
MCC numerator:		38226
MCC denominator:	45075.07115912298
MCC: 0.8480519057874686

0 2
0.58449304
0.50829923
1 5
0.6517676
0.6430087
0.5317616
0.54271346
0.63086087
2 5
0.58755404
0.6109163
0.5892183
0.6791484
0.5332511
TP: 38 TN: 1008 FP: 4 FN: 8
S: 38 8
T: 3 320
N: 1 688
MCC numerator:		38272
MCC denominator:	44569.79856360134
MCC: 0.8586980698462358

0 2
0.5042694
0.62643605
1 6
0.7173275
0.5936576
0.5851534
0.55506325
0.5983378
0.6395265
2 6
0.63139737
0.5133938
0.5191743
0.5714616
0.6033176
0.59533346
TP: 39 TN: 1002 FP: 10 FN: 7
S: 39 7
T: 6 317
N: 4 685
MCC numerator:		39008
MCC denominator:	47974.7582797454
MCC: 0.813094247865526

